Sum of digits: List of 4-digit numbers with that sum

01: [1000]
02: [1001, 1010, 1100, 2000]
03: [1002, 1011, 1020, 1101, 1110, 1200, 2001, 2010, 2100, 3000]
04: [1003, 1012, 1021, 1030, 1102, 1111, 1120, 1201, 1210, 1300, 2002, 2011, 2020, 2101, 2110, 2200, 3001, 3010, 3100, 4000]
05: [1004, 1013, 1022, 1031, 1040, 1103, 1112, 1121, 1130, 1202, 1211, 1220, 1301, 1310, 1400, 2003, 2012, 2021, 2030, 2102, 2111, 2120, 2201, 2210, 2300, 3002, 3011, 3020, 3101, 3110, 3200, 4001, 4010, 4100, 5000]
06: [1005, 1014, 1023, 1032, 1041, 1050, 1104, 1113, 1122, 1131, 1140, 1203, 1212, 1221, 1230, 1302, 1311, 1320, 1401, 1410, 1500, 2004, 2013, 2022, 2031, 2040, 2103, 2112, 2121, 2130, 2202, 2211, 2220, 2301, 2310, 2400, 3003, 3012, 3021, 3030, 3102, 3111, 3120, 3201, 3210, 3300, 4002, 4011, 4020, 4101, 4110, 4200, 5001, 5010, 5100, 6000]
07: [1006, 1015, 1024, 1033, 1042, 1051, 1060, 1105, 1114, 1123, 1132, 1141, 1150, 1204, 1213, 1222, 1231, 1240, 1303, 1312, 1321, 1330, 1402, 1411, 1420, 1501, 1510, 1600, 2005, 2014, 2023, 2032, 2041, 2050, 2104, 2113, 2122, 2131, 2140, 2203, 2212, 2221, 2230, 2302, 2311, 2320, 2401, 2410, 2500, 3004, 3013, 3022, 3031, 3040, 3103, 3112, 3121, 3130, 3202, 3211, 3220, 3301, 3310, 3400, 4003, 4012, 4021, 4030, 4102, 4111, 4120, 4201, 4210, 4300, 5002, 5011, 5020, 5101, 5110, 5200, 6001, 6010, 6100, 7000]
08: [1007, 1016, 1025, 1034, 1043, 1052, 1061, 1070, 1106, 1115, 1124, 1133, 1142, 1151, 1160, 1205, 1214, 1223, 1232, 1241, 1250, 1304, 1313, 1322, 1331, 1340, 1403, 1412, 1421, 1430, 1502, 1511, 1520, 1601, 1610, 1700, 2006, 2015, 2024, 2033, 2042, 2051, 2060, 2105, 2114, 2123, 2132, 2141, 2150, 2204, 2213, 2222, 2231, 2240, 2303, 2312, 2321, 2330, 2402, 2411, 2420, 2501, 2510, 2600, 3005, 3014, 3023, 3032, 3041, 3050, 3104, 3113, 3122, 3131, 3140, 3203, 3212, 3221, 3230, 3302, 3311, 3320, 3401, 3410, 3500, 4004, 4013, 4022, 4031, 4040, 4103, 4112, 4121, 4130, 4202, 4211, 4220, 4301, 4310, 4400, 5003, 5012, 5021, 5030, 5102, 5111, 5120, 5201, 5210, 5300, 6002, 6011, 6020, 6101, 6110, 6200, 7001, 7010, 7100, 8000]
09: [1008, 1017, 1026, 1035, 1044, 1053, 1062, 1071, 1080, 1107, 1116, 1125, 1134, 1143, 1152, 1161, 1170, 1206, 1215, 1224, 1233, 1242, 1251, 1260, 1305, 1314, 1323, 1332, 1341, 1350, 1404, 1413, 1422, 1431, 1440, 1503, 1512, 1521, 1530, 1602, 1611, 1620, 1701, 1710, 1800, 2007, 2016, 2025, 2034, 2043, 2052, 2061, 2070, 2106, 2115, 2124, 2133, 2142, 2151, 2160, 2205, 2214, 2223, 2232, 2241, 2250, 2304, 2313, 2322, 2331, 2340, 2403, 2412, 2421, 2430, 2502, 2511, 2520, 2601, 2610, 2700, 3006, 3015, 3024, 3033, 3042, 3051, 3060, 3105, 3114, 3123, 3132, 3141, 3150, 3204, 3213, 3222, 3231, 3240, 3303, 3312, 3321, 3330, 3402, 3411, 3420, 3501, 3510, 3600, 4005, 4014, 4023, 4032, 4041, 4050, 4104, 4113, 4122, 4131, 4140, 4203, 4212, 4221, 4230, 4302, 4311, 4320, 4401, 4410, 4500, 5004, 5013, 5022, 5031, 5040, 5103, 5112, 5121, 5130, 5202, 5211, 5220, 5301, 5310, 5400, 6003, 6012, 6021, 6030, 6102, 6111, 6120, 6201, 6210, 6300, 7002, 7011, 7020, 7101, 7110, 7200, 8001, 8010, 8100, 9000]
10: [1009, 1018, 1027, 1036, 1045, 1054, 1063, 1072, 1081, 1090, 1108, 1117, 1126, 1135, 1144, 1153, 1162, 1171, 1180, 1207, 1216, 1225, 1234, 1243, 1252, 1261, 1270, 1306, 1315, 1324, 1333, 1342, 1351, 1360, 1405, 1414, 1423, 1432, 1441, 1450, 1504, 1513, 1522, 1531, 1540, 1603, 1612, 1621, 1630, 1702, 1711, 1720, 1801, 1810, 1900, 2008, 2017, 2026, 2035, 2044, 2053, 2062, 2071, 2080, 2107, 2116, 2125, 2134, 2143, 2152, 2161, 2170, 2206, 2215, 2224, 2233, 2242, 2251, 2260, 2305, 2314, 2323, 2332, 2341, 2350, 2404, 2413, 2422, 2431, 2440, 2503, 2512, 2521, 2530, 2602, 2611, 2620, 2701, 2710, 2800, 3007, 3016, 3025, 3034, 3043, 3052, 3061, 3070, 3106, 3115, 3124, 3133, 3142, 3151, 3160, 3205, 3214, 3223, 3232, 3241, 3250, 3304, 3313, 3322, 3331, 3340, 3403, 3412, 3421, 3430, 3502, 3511, 3520, 3601, 3610, 3700, 4006, 4015, 4024, 4033, 4042, 4051, 4060, 4105, 4114, 4123, 4132, 4141, 4150, 4204, 4213, 4222, 4231, 4240, 4303, 4312, 4321, 4330, 4402, 4411, 4420, 4501, 4510, 4600, 5005, 5014, 5023, 5032, 5041, 5050, 5104, 5113, 5122, 5131, 5140, 5203, 5212, 5221, 5230, 5302, 5311, 5320, 5401, 5410, 5500, 6004, 6013, 6022, 6031, 6040, 6103, 6112, 6121, 6130, 6202, 6211, 6220, 6301, 6310, 6400, 7003, 7012, 7021, 7030, 7102, 7111, 7120, 7201, 7210, 7300, 8002, 8011, 8020, 8101, 8110, 8200, 9001, 9010, 9100]
11: [1019, 1028, 1037, 1046, 1055, 1064, 1073, 1082, 1091, 1109, 1118, 1127, 1136, 1145, 1154, 1163, 1172, 1181, 1190, 1208, 1217, 1226, 1235, 1244, 1253, 1262, 1271, 1280, 1307, 1316, 1325, 1334, 1343, 1352, 1361, 1370, 1406, 1415, 1424, 1433, 1442, 1451, 1460, 1505, 1514, 1523, 1532, 1541, 1550, 1604, 1613, 1622, 1631, 1640, 1703, 1712, 1721, 1730, 1802, 1811, 1820, 1901, 1910, 2009, 2018, 2027, 2036, 2045, 2054, 2063, 2072, 2081, 2090, 2108, 2117, 2126, 2135, 2144, 2153, 2162, 2171, 2180, 2207, 2216, 2225, 2234, 2243, 2252, 2261, 2270, 2306, 2315, 2324, 2333, 2342, 2351, 2360, 2405, 2414, 2423, 2432, 2441, 2450, 2504, 2513, 2522, 2531, 2540, 2603, 2612, 2621, 2630, 2702, 2711, 2720, 2801, 2810, 2900, 3008, 3017, 3026, 3035, 3044, 3053, 3062, 3071, 3080, 3107, 3116, 3125, 3134, 3143, 3152, 3161, 3170, 3206, 3215, 3224, 3233, 3242, 3251, 3260, 3305, 3314, 3323, 3332, 3341, 3350, 3404, 3413, 3422, 3431, 3440, 3503, 3512, 3521, 3530, 3602, 3611, 3620, 3701, 3710, 3800, 4007, 4016, 4025, 4034, 4043, 4052, 4061, 4070, 4106, 4115, 4124, 4133, 4142, 4151, 4160, 4205, 4214, 4223, 4232, 4241, 4250, 4304, 4313, 4322, 4331, 4340, 4403, 4412, 4421, 4430, 4502, 4511, 4520, 4601, 4610, 4700, 5006, 5015, 5024, 5033, 5042, 5051, 5060, 5105, 5114, 5123, 5132, 5141, 5150, 5204, 5213, 5222, 5231, 5240, 5303, 5312, 5321, 5330, 5402, 5411, 5420, 5501, 5510, 5600, 6005, 6014, 6023, 6032, 6041, 6050, 6104, 6113, 6122, 6131, 6140, 6203, 6212, 6221, 6230, 6302, 6311, 6320, 6401, 6410, 6500, 7004, 7013, 7022, 7031, 7040, 7103, 7112, 7121, 7130, 7202, 7211, 7220, 7301, 7310, 7400, 8003, 8012, 8021, 8030, 8102, 8111, 8120, 8201, 8210, 8300, 9002, 9011, 9020, 9101, 9110, 9200]
12: [1029, 1038, 1047, 1056, 1065, 1074, 1083, 1092, 1119, 1128, 1137, 1146, 1155, 1164, 1173, 1182, 1191, 1209, 1218, 1227, 1236, 1245, 1254, 1263, 1272, 1281, 1290, 1308, 1317, 1326, 1335, 1344, 1353, 1362, 1371, 1380, 1407, 1416, 1425, 1434, 1443, 1452, 1461, 1470, 1506, 1515, 1524, 1533, 1542, 1551, 1560, 1605, 1614, 1623, 1632, 1641, 1650, 1704, 1713, 1722, 1731, 1740, 1803, 1812, 1821, 1830, 1902, 1911, 1920, 2019, 2028, 2037, 2046, 2055, 2064, 2073, 2082, 2091, 2109, 2118, 2127, 2136, 2145, 2154, 2163, 2172, 2181, 2190, 2208, 2217, 2226, 2235, 2244, 2253, 2262, 2271, 2280, 2307, 2316, 2325, 2334, 2343, 2352, 2361, 2370, 2406, 2415, 2424, 2433, 2442, 2451, 2460, 2505, 2514, 2523, 2532, 2541, 2550, 2604, 2613, 2622, 2631, 2640, 2703, 2712, 2721, 2730, 2802, 2811, 2820, 2901, 2910, 3009, 3018, 3027, 3036, 3045, 3054, 3063, 3072, 3081, 3090, 3108, 3117, 3126, 3135, 3144, 3153, 3162, 3171, 3180, 3207, 3216, 3225, 3234, 3243, 3252, 3261, 3270, 3306, 3315, 3324, 3333, 3342, 3351, 3360, 3405, 3414, 3423, 3432, 3441, 3450, 3504, 3513, 3522, 3531, 3540, 3603, 3612, 3621, 3630, 3702, 3711, 3720, 3801, 3810, 3900, 4008, 4017, 4026, 4035, 4044, 4053, 4062, 4071, 4080, 4107, 4116, 4125, 4134, 4143, 4152, 4161, 4170, 4206, 4215, 4224, 4233, 4242, 4251, 4260, 4305, 4314, 4323, 4332, 4341, 4350, 4404, 4413, 4422, 4431, 4440, 4503, 4512, 4521, 4530, 4602, 4611, 4620, 4701, 4710, 4800, 5007, 5016, 5025, 5034, 5043, 5052, 5061, 5070, 5106, 5115, 5124, 5133, 5142, 5151, 5160, 5205, 5214, 5223, 5232, 5241, 5250, 5304, 5313, 5322, 5331, 5340, 5403, 5412, 5421, 5430, 5502, 5511, 5520, 5601, 5610, 5700, 6006, 6015, 6024, 6033, 6042, 6051, 6060, 6105, 6114, 6123, 6132, 6141, 6150, 6204, 6213, 6222, 6231, 6240, 6303, 6312, 6321, 6330, 6402, 6411, 6420, 6501, 6510, 6600, 7005, 7014, 7023, 7032, 7041, 7050, 7104, 7113, 7122, 7131, 7140, 7203, 7212, 7221, 7230, 7302, 7311, 7320, 7401, 7410, 7500, 8004, 8013, 8022, 8031, 8040, 8103, 8112, 8121, 8130, 8202, 8211, 8220, 8301, 8310, 8400, 9003, 9012, 9021, 9030, 9102, 9111, 9120, 9201, 9210, 9300]
13: [1039, 1048, 1057, 1066, 1075, 1084, 1093, 1129, 1138, 1147, 1156, 1165, 1174, 1183, 1192, 1219, 1228, 1237, 1246, 1255, 1264, 1273, 1282, 1291, 1309, 1318, 1327, 1336, 1345, 1354, 1363, 1372, 1381, 1390, 1408, 1417, 1426, 1435, 1444, 1453, 1462, 1471, 1480, 1507, 1516, 1525, 1534, 1543, 1552, 1561, 1570, 1606, 1615, 1624, 1633, 1642, 1651, 1660, 1705, 1714, 1723, 1732, 1741, 1750, 1804, 1813, 1822, 1831, 1840, 1903, 1912, 1921, 1930, 2029, 2038, 2047, 2056, 2065, 2074, 2083, 2092, 2119, 2128, 2137, 2146, 2155, 2164, 2173, 2182, 2191, 2209, 2218, 2227, 2236, 2245, 2254, 2263, 2272, 2281, 2290, 2308, 2317, 2326, 2335, 2344, 2353, 2362, 2371, 2380, 2407, 2416, 2425, 2434, 2443, 2452, 2461, 2470, 2506, 2515, 2524, 2533, 2542, 2551, 2560, 2605, 2614, 2623, 2632, 2641, 2650, 2704, 2713, 2722, 2731, 2740, 2803, 2812, 2821, 2830, 2902, 2911, 2920, 3019, 3028, 3037, 3046, 3055, 3064, 3073, 3082, 3091, 3109, 3118, 3127, 3136, 3145, 3154, 3163, 3172, 3181, 3190, 3208, 3217, 3226, 3235, 3244, 3253, 3262, 3271, 3280, 3307, 3316, 3325, 3334, 3343, 3352, 3361, 3370, 3406, 3415, 3424, 3433, 3442, 3451, 3460, 3505, 3514, 3523, 3532, 3541, 3550, 3604, 3613, 3622, 3631, 3640, 3703, 3712, 3721, 3730, 3802, 3811, 3820, 3901, 3910, 4009, 4018, 4027, 4036, 4045, 4054, 4063, 4072, 4081, 4090, 4108, 4117, 4126, 4135, 4144, 4153, 4162, 4171, 4180, 4207, 4216, 4225, 4234, 4243, 4252, 4261, 4270, 4306, 4315, 4324, 4333, 4342, 4351, 4360, 4405, 4414, 4423, 4432, 4441, 4450, 4504, 4513, 4522, 4531, 4540, 4603, 4612, 4621, 4630, 4702, 4711, 4720, 4801, 4810, 4900, 5008, 5017, 5026, 5035, 5044, 5053, 5062, 5071, 5080, 5107, 5116, 5125, 5134, 5143, 5152, 5161, 5170, 5206, 5215, 5224, 5233, 5242, 5251, 5260, 5305, 5314, 5323, 5332, 5341, 5350, 5404, 5413, 5422, 5431, 5440, 5503, 5512, 5521, 5530, 5602, 5611, 5620, 5701, 5710, 5800, 6007, 6016, 6025, 6034, 6043, 6052, 6061, 6070, 6106, 6115, 6124, 6133, 6142, 6151, 6160, 6205, 6214, 6223, 6232, 6241, 6250, 6304, 6313, 6322, 6331, 6340, 6403, 6412, 6421, 6430, 6502, 6511, 6520, 6601, 6610, 6700, 7006, 7015, 7024, 7033, 7042, 7051, 7060, 7105, 7114, 7123, 7132, 7141, 7150, 7204, 7213, 7222, 7231, 7240, 7303, 7312, 7321, 7330, 7402, 7411, 7420, 7501, 7510, 7600, 8005, 8014, 8023, 8032, 8041, 8050, 8104, 8113, 8122, 8131, 8140, 8203, 8212, 8221, 8230, 8302, 8311, 8320, 8401, 8410, 8500, 9004, 9013, 9022, 9031, 9040, 9103, 9112, 9121, 9130, 9202, 9211, 9220, 9301, 9310, 9400]
14: [1049, 1058, 1067, 1076, 1085, 1094, 1139, 1148, 1157, 1166, 1175, 1184, 1193, 1229, 1238, 1247, 1256, 1265, 1274, 1283, 1292, 1319, 1328, 1337, 1346, 1355, 1364, 1373, 1382, 1391, 1409, 1418, 1427, 1436, 1445, 1454, 1463, 1472, 1481, 1490, 1508, 1517, 1526, 1535, 1544, 1553, 1562, 1571, 1580, 1607, 1616, 1625, 1634, 1643, 1652, 1661, 1670, 1706, 1715, 1724, 1733, 1742, 1751, 1760, 1805, 1814, 1823, 1832, 1841, 1850, 1904, 1913, 1922, 1931, 1940, 2039, 2048, 2057, 2066, 2075, 2084, 2093, 2129, 2138, 2147, 2156, 2165, 2174, 2183, 2192, 2219, 2228, 2237, 2246, 2255, 2264, 2273, 2282, 2291, 2309, 2318, 2327, 2336, 2345, 2354, 2363, 2372, 2381, 2390, 2408, 2417, 2426, 2435, 2444, 2453, 2462, 2471, 2480, 2507, 2516, 2525, 2534, 2543, 2552, 2561, 2570, 2606, 2615, 2624, 2633, 2642, 2651, 2660, 2705, 2714, 2723, 2732, 2741, 2750, 2804, 2813, 2822, 2831, 2840, 2903, 2912, 2921, 2930, 3029, 3038, 3047, 3056, 3065, 3074, 3083, 3092, 3119, 3128, 3137, 3146, 3155, 3164, 3173, 3182, 3191, 3209, 3218, 3227, 3236, 3245, 3254, 3263, 3272, 3281, 3290, 3308, 3317, 3326, 3335, 3344, 3353, 3362, 3371, 3380, 3407, 3416, 3425, 3434, 3443, 3452, 3461, 3470, 3506, 3515, 3524, 3533, 3542, 3551, 3560, 3605, 3614, 3623, 3632, 3641, 3650, 3704, 3713, 3722, 3731, 3740, 3803, 3812, 3821, 3830, 3902, 3911, 3920, 4019, 4028, 4037, 4046, 4055, 4064, 4073, 4082, 4091, 4109, 4118, 4127, 4136, 4145, 4154, 4163, 4172, 4181, 4190, 4208, 4217, 4226, 4235, 4244, 4253, 4262, 4271, 4280, 4307, 4316, 4325, 4334, 4343, 4352, 4361, 4370, 4406, 4415, 4424, 4433, 4442, 4451, 4460, 4505, 4514, 4523, 4532, 4541, 4550, 4604, 4613, 4622, 4631, 4640, 4703, 4712, 4721, 4730, 4802, 4811, 4820, 4901, 4910, 5009, 5018, 5027, 5036, 5045, 5054, 5063, 5072, 5081, 5090, 5108, 5117, 5126, 5135, 5144, 5153, 5162, 5171, 5180, 5207, 5216, 5225, 5234, 5243, 5252, 5261, 5270, 5306, 5315, 5324, 5333, 5342, 5351, 5360, 5405, 5414, 5423, 5432, 5441, 5450, 5504, 5513, 5522, 5531, 5540, 5603, 5612, 5621, 5630, 5702, 5711, 5720, 5801, 5810, 5900, 6008, 6017, 6026, 6035, 6044, 6053, 6062, 6071, 6080, 6107, 6116, 6125, 6134, 6143, 6152, 6161, 6170, 6206, 6215, 6224, 6233, 6242, 6251, 6260, 6305, 6314, 6323, 6332, 6341, 6350, 6404, 6413, 6422, 6431, 6440, 6503, 6512, 6521, 6530, 6602, 6611, 6620, 6701, 6710, 6800, 7007, 7016, 7025, 7034, 7043, 7052, 7061, 7070, 7106, 7115, 7124, 7133, 7142, 7151, 7160, 7205, 7214, 7223, 7232, 7241, 7250, 7304, 7313, 7322, 7331, 7340, 7403, 7412, 7421, 7430, 7502, 7511, 7520, 7601, 7610, 7700, 8006, 8015, 8024, 8033, 8042, 8051, 8060, 8105, 8114, 8123, 8132, 8141, 8150, 8204, 8213, 8222, 8231, 8240, 8303, 8312, 8321, 8330, 8402, 8411, 8420, 8501, 8510, 8600, 9005, 9014, 9023, 9032, 9041, 9050, 9104, 9113, 9122, 9131, 9140, 9203, 9212, 9221, 9230, 9302, 9311, 9320, 9401, 9410, 9500]
15: [1059, 1068, 1077, 1086, 1095, 1149, 1158, 1167, 1176, 1185, 1194, 1239, 1248, 1257, 1266, 1275, 1284, 1293, 1329, 1338, 1347, 1356, 1365, 1374, 1383, 1392, 1419, 1428, 1437, 1446, 1455, 1464, 1473, 1482, 1491, 1509, 1518, 1527, 1536, 1545, 1554, 1563, 1572, 1581, 1590, 1608, 1617, 1626, 1635, 1644, 1653, 1662, 1671, 1680, 1707, 1716, 1725, 1734, 1743, 1752, 1761, 1770, 1806, 1815, 1824, 1833, 1842, 1851, 1860, 1905, 1914, 1923, 1932, 1941, 1950, 2049, 2058, 2067, 2076, 2085, 2094, 2139, 2148, 2157, 2166, 2175, 2184, 2193, 2229, 2238, 2247, 2256, 2265, 2274, 2283, 2292, 2319, 2328, 2337, 2346, 2355, 2364, 2373, 2382, 2391, 2409, 2418, 2427, 2436, 2445, 2454, 2463, 2472, 2481, 2490, 2508, 2517, 2526, 2535, 2544, 2553, 2562, 2571, 2580, 2607, 2616, 2625, 2634, 2643, 2652, 2661, 2670, 2706, 2715, 2724, 2733, 2742, 2751, 2760, 2805, 2814, 2823, 2832, 2841, 2850, 2904, 2913, 2922, 2931, 2940, 3039, 3048, 3057, 3066, 3075, 3084, 3093, 3129, 3138, 3147, 3156, 3165, 3174, 3183, 3192, 3219, 3228, 3237, 3246, 3255, 3264, 3273, 3282, 3291, 3309, 3318, 3327, 3336, 3345, 3354, 3363, 3372, 3381, 3390, 3408, 3417, 3426, 3435, 3444, 3453, 3462, 3471, 3480, 3507, 3516, 3525, 3534, 3543, 3552, 3561, 3570, 3606, 3615, 3624, 3633, 3642, 3651, 3660, 3705, 3714, 3723, 3732, 3741, 3750, 3804, 3813, 3822, 3831, 3840, 3903, 3912, 3921, 3930, 4029, 4038, 4047, 4056, 4065, 4074, 4083, 4092, 4119, 4128, 4137, 4146, 4155, 4164, 4173, 4182, 4191, 4209, 4218, 4227, 4236, 4245, 4254, 4263, 4272, 4281, 4290, 4308, 4317, 4326, 4335, 4344, 4353, 4362, 4371, 4380, 4407, 4416, 4425, 4434, 4443, 4452, 4461, 4470, 4506, 4515, 4524, 4533, 4542, 4551, 4560, 4605, 4614, 4623, 4632, 4641, 4650, 4704, 4713, 4722, 4731, 4740, 4803, 4812, 4821, 4830, 4902, 4911, 4920, 5019, 5028, 5037, 5046, 5055, 5064, 5073, 5082, 5091, 5109, 5118, 5127, 5136, 5145, 5154, 5163, 5172, 5181, 5190, 5208, 5217, 5226, 5235, 5244, 5253, 5262, 5271, 5280, 5307, 5316, 5325, 5334, 5343, 5352, 5361, 5370, 5406, 5415, 5424, 5433, 5442, 5451, 5460, 5505, 5514, 5523, 5532, 5541, 5550, 5604, 5613, 5622, 5631, 5640, 5703, 5712, 5721, 5730, 5802, 5811, 5820, 5901, 5910, 6009, 6018, 6027, 6036, 6045, 6054, 6063, 6072, 6081, 6090, 6108, 6117, 6126, 6135, 6144, 6153, 6162, 6171, 6180, 6207, 6216, 6225, 6234, 6243, 6252, 6261, 6270, 6306, 6315, 6324, 6333, 6342, 6351, 6360, 6405, 6414, 6423, 6432, 6441, 6450, 6504, 6513, 6522, 6531, 6540, 6603, 6612, 6621, 6630, 6702, 6711, 6720, 6801, 6810, 6900, 7008, 7017, 7026, 7035, 7044, 7053, 7062, 7071, 7080, 7107, 7116, 7125, 7134, 7143, 7152, 7161, 7170, 7206, 7215, 7224, 7233, 7242, 7251, 7260, 7305, 7314, 7323, 7332, 7341, 7350, 7404, 7413, 7422, 7431, 7440, 7503, 7512, 7521, 7530, 7602, 7611, 7620, 7701, 7710, 7800, 8007, 8016, 8025, 8034, 8043, 8052, 8061, 8070, 8106, 8115, 8124, 8133, 8142, 8151, 8160, 8205, 8214, 8223, 8232, 8241, 8250, 8304, 8313, 8322, 8331, 8340, 8403, 8412, 8421, 8430, 8502, 8511, 8520, 8601, 8610, 8700, 9006, 9015, 9024, 9033, 9042, 9051, 9060, 9105, 9114, 9123, 9132, 9141, 9150, 9204, 9213, 9222, 9231, 9240, 9303, 9312, 9321, 9330, 9402, 9411, 9420, 9501, 9510, 9600]
16: [1069, 1078, 1087, 1096, 1159, 1168, 1177, 1186, 1195, 1249, 1258, 1267, 1276, 1285, 1294, 1339, 1348, 1357, 1366, 1375, 1384, 1393, 1429, 1438, 1447, 1456, 1465, 1474, 1483, 1492, 1519, 1528, 1537, 1546, 1555, 1564, 1573, 1582, 1591, 1609, 1618, 1627, 1636, 1645, 1654, 1663, 1672, 1681, 1690, 1708, 1717, 1726, 1735, 1744, 1753, 1762, 1771, 1780, 1807, 1816, 1825, 1834, 1843, 1852, 1861, 1870, 1906, 1915, 1924, 1933, 1942, 1951, 1960, 2059, 2068, 2077, 2086, 2095, 2149, 2158, 2167, 2176, 2185, 2194, 2239, 2248, 2257, 2266, 2275, 2284, 2293, 2329, 2338, 2347, 2356, 2365, 2374, 2383, 2392, 2419, 2428, 2437, 2446, 2455, 2464, 2473, 2482, 2491, 2509, 2518, 2527, 2536, 2545, 2554, 2563, 2572, 2581, 2590, 2608, 2617, 2626, 2635, 2644, 2653, 2662, 2671, 2680, 2707, 2716, 2725, 2734, 2743, 2752, 2761, 2770, 2806, 2815, 2824, 2833, 2842, 2851, 2860, 2905, 2914, 2923, 2932, 2941, 2950, 3049, 3058, 3067, 3076, 3085, 3094, 3139, 3148, 3157, 3166, 3175, 3184, 3193, 3229, 3238, 3247, 3256, 3265, 3274, 3283, 3292, 3319, 3328, 3337, 3346, 3355, 3364, 3373, 3382, 3391, 3409, 3418, 3427, 3436, 3445, 3454, 3463, 3472, 3481, 3490, 3508, 3517, 3526, 3535, 3544, 3553, 3562, 3571, 3580, 3607, 3616, 3625, 3634, 3643, 3652, 3661, 3670, 3706, 3715, 3724, 3733, 3742, 3751, 3760, 3805, 3814, 3823, 3832, 3841, 3850, 3904, 3913, 3922, 3931, 3940, 4039, 4048, 4057, 4066, 4075, 4084, 4093, 4129, 4138, 4147, 4156, 4165, 4174, 4183, 4192, 4219, 4228, 4237, 4246, 4255, 4264, 4273, 4282, 4291, 4309, 4318, 4327, 4336, 4345, 4354, 4363, 4372, 4381, 4390, 4408, 4417, 4426, 4435, 4444, 4453, 4462, 4471, 4480, 4507, 4516, 4525, 4534, 4543, 4552, 4561, 4570, 4606, 4615, 4624, 4633, 4642, 4651, 4660, 4705, 4714, 4723, 4732, 4741, 4750, 4804, 4813, 4822, 4831, 4840, 4903, 4912, 4921, 4930, 5029, 5038, 5047, 5056, 5065, 5074, 5083, 5092, 5119, 5128, 5137, 5146, 5155, 5164, 5173, 5182, 5191, 5209, 5218, 5227, 5236, 5245, 5254, 5263, 5272, 5281, 5290, 5308, 5317, 5326, 5335, 5344, 5353, 5362, 5371, 5380, 5407, 5416, 5425, 5434, 5443, 5452, 5461, 5470, 5506, 5515, 5524, 5533, 5542, 5551, 5560, 5605, 5614, 5623, 5632, 5641, 5650, 5704, 5713, 5722, 5731, 5740, 5803, 5812, 5821, 5830, 5902, 5911, 5920, 6019, 6028, 6037, 6046, 6055, 6064, 6073, 6082, 6091, 6109, 6118, 6127, 6136, 6145, 6154, 6163, 6172, 6181, 6190, 6208, 6217, 6226, 6235, 6244, 6253, 6262, 6271, 6280, 6307, 6316, 6325, 6334, 6343, 6352, 6361, 6370, 6406, 6415, 6424, 6433, 6442, 6451, 6460, 6505, 6514, 6523, 6532, 6541, 6550, 6604, 6613, 6622, 6631, 6640, 6703, 6712, 6721, 6730, 6802, 6811, 6820, 6901, 6910, 7009, 7018, 7027, 7036, 7045, 7054, 7063, 7072, 7081, 7090, 7108, 7117, 7126, 7135, 7144, 7153, 7162, 7171, 7180, 7207, 7216, 7225, 7234, 7243, 7252, 7261, 7270, 7306, 7315, 7324, 7333, 7342, 7351, 7360, 7405, 7414, 7423, 7432, 7441, 7450, 7504, 7513, 7522, 7531, 7540, 7603, 7612, 7621, 7630, 7702, 7711, 7720, 7801, 7810, 7900, 8008, 8017, 8026, 8035, 8044, 8053, 8062, 8071, 8080, 8107, 8116, 8125, 8134, 8143, 8152, 8161, 8170, 8206, 8215, 8224, 8233, 8242, 8251, 8260, 8305, 8314, 8323, 8332, 8341, 8350, 8404, 8413, 8422, 8431, 8440, 8503, 8512, 8521, 8530, 8602, 8611, 8620, 8701, 8710, 8800, 9007, 9016, 9025, 9034, 9043, 9052, 9061, 9070, 9106, 9115, 9124, 9133, 9142, 9151, 9160, 9205, 9214, 9223, 9232, 9241, 9250, 9304, 9313, 9322, 9331, 9340, 9403, 9412, 9421, 9430, 9502, 9511, 9520, 9601, 9610, 9700]
17: [1079, 1088, 1097, 1169, 1178, 1187, 1196, 1259, 1268, 1277, 1286, 1295, 1349, 1358, 1367, 1376, 1385, 1394, 1439, 1448, 1457, 1466, 1475, 1484, 1493, 1529, 1538, 1547, 1556, 1565, 1574, 1583, 1592, 1619, 1628, 1637, 1646, 1655, 1664, 1673, 1682, 1691, 1709, 1718, 1727, 1736, 1745, 1754, 1763, 1772, 1781, 1790, 1808, 1817, 1826, 1835, 1844, 1853, 1862, 1871, 1880, 1907, 1916, 1925, 1934, 1943, 1952, 1961, 1970, 2069, 2078, 2087, 2096, 2159, 2168, 2177, 2186, 2195, 2249, 2258, 2267, 2276, 2285, 2294, 2339, 2348, 2357, 2366, 2375, 2384, 2393, 2429, 2438, 2447, 2456, 2465, 2474, 2483, 2492, 2519, 2528, 2537, 2546, 2555, 2564, 2573, 2582, 2591, 2609, 2618, 2627, 2636, 2645, 2654, 2663, 2672, 2681, 2690, 2708, 2717, 2726, 2735, 2744, 2753, 2762, 2771, 2780, 2807, 2816, 2825, 2834, 2843, 2852, 2861, 2870, 2906, 2915, 2924, 2933, 2942, 2951, 2960, 3059, 3068, 3077, 3086, 3095, 3149, 3158, 3167, 3176, 3185, 3194, 3239, 3248, 3257, 3266, 3275, 3284, 3293, 3329, 3338, 3347, 3356, 3365, 3374, 3383, 3392, 3419, 3428, 3437, 3446, 3455, 3464, 3473, 3482, 3491, 3509, 3518, 3527, 3536, 3545, 3554, 3563, 3572, 3581, 3590, 3608, 3617, 3626, 3635, 3644, 3653, 3662, 3671, 3680, 3707, 3716, 3725, 3734, 3743, 3752, 3761, 3770, 3806, 3815, 3824, 3833, 3842, 3851, 3860, 3905, 3914, 3923, 3932, 3941, 3950, 4049, 4058, 4067, 4076, 4085, 4094, 4139, 4148, 4157, 4166, 4175, 4184, 4193, 4229, 4238, 4247, 4256, 4265, 4274, 4283, 4292, 4319, 4328, 4337, 4346, 4355, 4364, 4373, 4382, 4391, 4409, 4418, 4427, 4436, 4445, 4454, 4463, 4472, 4481, 4490, 4508, 4517, 4526, 4535, 4544, 4553, 4562, 4571, 4580, 4607, 4616, 4625, 4634, 4643, 4652, 4661, 4670, 4706, 4715, 4724, 4733, 4742, 4751, 4760, 4805, 4814, 4823, 4832, 4841, 4850, 4904, 4913, 4922, 4931, 4940, 5039, 5048, 5057, 5066, 5075, 5084, 5093, 5129, 5138, 5147, 5156, 5165, 5174, 5183, 5192, 5219, 5228, 5237, 5246, 5255, 5264, 5273, 5282, 5291, 5309, 5318, 5327, 5336, 5345, 5354, 5363, 5372, 5381, 5390, 5408, 5417, 5426, 5435, 5444, 5453, 5462, 5471, 5480, 5507, 5516, 5525, 5534, 5543, 5552, 5561, 5570, 5606, 5615, 5624, 5633, 5642, 5651, 5660, 5705, 5714, 5723, 5732, 5741, 5750, 5804, 5813, 5822, 5831, 5840, 5903, 5912, 5921, 5930, 6029, 6038, 6047, 6056, 6065, 6074, 6083, 6092, 6119, 6128, 6137, 6146, 6155, 6164, 6173, 6182, 6191, 6209, 6218, 6227, 6236, 6245, 6254, 6263, 6272, 6281, 6290, 6308, 6317, 6326, 6335, 6344, 6353, 6362, 6371, 6380, 6407, 6416, 6425, 6434, 6443, 6452, 6461, 6470, 6506, 6515, 6524, 6533, 6542, 6551, 6560, 6605, 6614, 6623, 6632, 6641, 6650, 6704, 6713, 6722, 6731, 6740, 6803, 6812, 6821, 6830, 6902, 6911, 6920, 7019, 7028, 7037, 7046, 7055, 7064, 7073, 7082, 7091, 7109, 7118, 7127, 7136, 7145, 7154, 7163, 7172, 7181, 7190, 7208, 7217, 7226, 7235, 7244, 7253, 7262, 7271, 7280, 7307, 7316, 7325, 7334, 7343, 7352, 7361, 7370, 7406, 7415, 7424, 7433, 7442, 7451, 7460, 7505, 7514, 7523, 7532, 7541, 7550, 7604, 7613, 7622, 7631, 7640, 7703, 7712, 7721, 7730, 7802, 7811, 7820, 7901, 7910, 8009, 8018, 8027, 8036, 8045, 8054, 8063, 8072, 8081, 8090, 8108, 8117, 8126, 8135, 8144, 8153, 8162, 8171, 8180, 8207, 8216, 8225, 8234, 8243, 8252, 8261, 8270, 8306, 8315, 8324, 8333, 8342, 8351, 8360, 8405, 8414, 8423, 8432, 8441, 8450, 8504, 8513, 8522, 8531, 8540, 8603, 8612, 8621, 8630, 8702, 8711, 8720, 8801, 8810, 8900, 9008, 9017, 9026, 9035, 9044, 9053, 9062, 9071, 9080, 9107, 9116, 9125, 9134, 9143, 9152, 9161, 9170, 9206, 9215, 9224, 9233, 9242, 9251, 9260, 9305, 9314, 9323, 9332, 9341, 9350, 9404, 9413, 9422, 9431, 9440, 9503, 9512, 9521, 9530, 9602, 9611, 9620, 9701, 9710, 9800]
18: [1089, 1098, 1179, 1188, 1197, 1269, 1278, 1287, 1296, 1359, 1368, 1377, 1386, 1395, 1449, 1458, 1467, 1476, 1485, 1494, 1539, 1548, 1557, 1566, 1575, 1584, 1593, 1629, 1638, 1647, 1656, 1665, 1674, 1683, 1692, 1719, 1728, 1737, 1746, 1755, 1764, 1773, 1782, 1791, 1809, 1818, 1827, 1836, 1845, 1854, 1863, 1872, 1881, 1890, 1908, 1917, 1926, 1935, 1944, 1953, 1962, 1971, 1980, 2079, 2088, 2097, 2169, 2178, 2187, 2196, 2259, 2268, 2277, 2286, 2295, 2349, 2358, 2367, 2376, 2385, 2394, 2439, 2448, 2457, 2466, 2475, 2484, 2493, 2529, 2538, 2547, 2556, 2565, 2574, 2583, 2592, 2619, 2628, 2637, 2646, 2655, 2664, 2673, 2682, 2691, 2709, 2718, 2727, 2736, 2745, 2754, 2763, 2772, 2781, 2790, 2808, 2817, 2826, 2835, 2844, 2853, 2862, 2871, 2880, 2907, 2916, 2925, 2934, 2943, 2952, 2961, 2970, 3069, 3078, 3087, 3096, 3159, 3168, 3177, 3186, 3195, 3249, 3258, 3267, 3276, 3285, 3294, 3339, 3348, 3357, 3366, 3375, 3384, 3393, 3429, 3438, 3447, 3456, 3465, 3474, 3483, 3492, 3519, 3528, 3537, 3546, 3555, 3564, 3573, 3582, 3591, 3609, 3618, 3627, 3636, 3645, 3654, 3663, 3672, 3681, 3690, 3708, 3717, 3726, 3735, 3744, 3753, 3762, 3771, 3780, 3807, 3816, 3825, 3834, 3843, 3852, 3861, 3870, 3906, 3915, 3924, 3933, 3942, 3951, 3960, 4059, 4068, 4077, 4086, 4095, 4149, 4158, 4167, 4176, 4185, 4194, 4239, 4248, 4257, 4266, 4275, 4284, 4293, 4329, 4338, 4347, 4356, 4365, 4374, 4383, 4392, 4419, 4428, 4437, 4446, 4455, 4464, 4473, 4482, 4491, 4509, 4518, 4527, 4536, 4545, 4554, 4563, 4572, 4581, 4590, 4608, 4617, 4626, 4635, 4644, 4653, 4662, 4671, 4680, 4707, 4716, 4725, 4734, 4743, 4752, 4761, 4770, 4806, 4815, 4824, 4833, 4842, 4851, 4860, 4905, 4914, 4923, 4932, 4941, 4950, 5049, 5058, 5067, 5076, 5085, 5094, 5139, 5148, 5157, 5166, 5175, 5184, 5193, 5229, 5238, 5247, 5256, 5265, 5274, 5283, 5292, 5319, 5328, 5337, 5346, 5355, 5364, 5373, 5382, 5391, 5409, 5418, 5427, 5436, 5445, 5454, 5463, 5472, 5481, 5490, 5508, 5517, 5526, 5535, 5544, 5553, 5562, 5571, 5580, 5607, 5616, 5625, 5634, 5643, 5652, 5661, 5670, 5706, 5715, 5724, 5733, 5742, 5751, 5760, 5805, 5814, 5823, 5832, 5841, 5850, 5904, 5913, 5922, 5931, 5940, 6039, 6048, 6057, 6066, 6075, 6084, 6093, 6129, 6138, 6147, 6156, 6165, 6174, 6183, 6192, 6219, 6228, 6237, 6246, 6255, 6264, 6273, 6282, 6291, 6309, 6318, 6327, 6336, 6345, 6354, 6363, 6372, 6381, 6390, 6408, 6417, 6426, 6435, 6444, 6453, 6462, 6471, 6480, 6507, 6516, 6525, 6534, 6543, 6552, 6561, 6570, 6606, 6615, 6624, 6633, 6642, 6651, 6660, 6705, 6714, 6723, 6732, 6741, 6750, 6804, 6813, 6822, 6831, 6840, 6903, 6912, 6921, 6930, 7029, 7038, 7047, 7056, 7065, 7074, 7083, 7092, 7119, 7128, 7137, 7146, 7155, 7164, 7173, 7182, 7191, 7209, 7218, 7227, 7236, 7245, 7254, 7263, 7272, 7281, 7290, 7308, 7317, 7326, 7335, 7344, 7353, 7362, 7371, 7380, 7407, 7416, 7425, 7434, 7443, 7452, 7461, 7470, 7506, 7515, 7524, 7533, 7542, 7551, 7560, 7605, 7614, 7623, 7632, 7641, 7650, 7704, 7713, 7722, 7731, 7740, 7803, 7812, 7821, 7830, 7902, 7911, 7920, 8019, 8028, 8037, 8046, 8055, 8064, 8073, 8082, 8091, 8109, 8118, 8127, 8136, 8145, 8154, 8163, 8172, 8181, 8190, 8208, 8217, 8226, 8235, 8244, 8253, 8262, 8271, 8280, 8307, 8316, 8325, 8334, 8343, 8352, 8361, 8370, 8406, 8415, 8424, 8433, 8442, 8451, 8460, 8505, 8514, 8523, 8532, 8541, 8550, 8604, 8613, 8622, 8631, 8640, 8703, 8712, 8721, 8730, 8802, 8811, 8820, 8901, 8910, 9009, 9018, 9027, 9036, 9045, 9054, 9063, 9072, 9081, 9090, 9108, 9117, 9126, 9135, 9144, 9153, 9162, 9171, 9180, 9207, 9216, 9225, 9234, 9243, 9252, 9261, 9270, 9306, 9315, 9324, 9333, 9342, 9351, 9360, 9405, 9414, 9423, 9432, 9441, 9450, 9504, 9513, 9522, 9531, 9540, 9603, 9612, 9621, 9630, 9702, 9711, 9720, 9801, 9810, 9900]
19: [1099, 1189, 1198, 1279, 1288, 1297, 1369, 1378, 1387, 1396, 1459, 1468, 1477, 1486, 1495, 1549, 1558, 1567, 1576, 1585, 1594, 1639, 1648, 1657, 1666, 1675, 1684, 1693, 1729, 1738, 1747, 1756, 1765, 1774, 1783, 1792, 1819, 1828, 1837, 1846, 1855, 1864, 1873, 1882, 1891, 1909, 1918, 1927, 1936, 1945, 1954, 1963, 1972, 1981, 1990, 2089, 2098, 2179, 2188, 2197, 2269, 2278, 2287, 2296, 2359, 2368, 2377, 2386, 2395, 2449, 2458, 2467, 2476, 2485, 2494, 2539, 2548, 2557, 2566, 2575, 2584, 2593, 2629, 2638, 2647, 2656, 2665, 2674, 2683, 2692, 2719, 2728, 2737, 2746, 2755, 2764, 2773, 2782, 2791, 2809, 2818, 2827, 2836, 2845, 2854, 2863, 2872, 2881, 2890, 2908, 2917, 2926, 2935, 2944, 2953, 2962, 2971, 2980, 3079, 3088, 3097, 3169, 3178, 3187, 3196, 3259, 3268, 3277, 3286, 3295, 3349, 3358, 3367, 3376, 3385, 3394, 3439, 3448, 3457, 3466, 3475, 3484, 3493, 3529, 3538, 3547, 3556, 3565, 3574, 3583, 3592, 3619, 3628, 3637, 3646, 3655, 3664, 3673, 3682, 3691, 3709, 3718, 3727, 3736, 3745, 3754, 3763, 3772, 3781, 3790, 3808, 3817, 3826, 3835, 3844, 3853, 3862, 3871, 3880, 3907, 3916, 3925, 3934, 3943, 3952, 3961, 3970, 4069, 4078, 4087, 4096, 4159, 4168, 4177, 4186, 4195, 4249, 4258, 4267, 4276, 4285, 4294, 4339, 4348, 4357, 4366, 4375, 4384, 4393, 4429, 4438, 4447, 4456, 4465, 4474, 4483, 4492, 4519, 4528, 4537, 4546, 4555, 4564, 4573, 4582, 4591, 4609, 4618, 4627, 4636, 4645, 4654, 4663, 4672, 4681, 4690, 4708, 4717, 4726, 4735, 4744, 4753, 4762, 4771, 4780, 4807, 4816, 4825, 4834, 4843, 4852, 4861, 4870, 4906, 4915, 4924, 4933, 4942, 4951, 4960, 5059, 5068, 5077, 5086, 5095, 5149, 5158, 5167, 5176, 5185, 5194, 5239, 5248, 5257, 5266, 5275, 5284, 5293, 5329, 5338, 5347, 5356, 5365, 5374, 5383, 5392, 5419, 5428, 5437, 5446, 5455, 5464, 5473, 5482, 5491, 5509, 5518, 5527, 5536, 5545, 5554, 5563, 5572, 5581, 5590, 5608, 5617, 5626, 5635, 5644, 5653, 5662, 5671, 5680, 5707, 5716, 5725, 5734, 5743, 5752, 5761, 5770, 5806, 5815, 5824, 5833, 5842, 5851, 5860, 5905, 5914, 5923, 5932, 5941, 5950, 6049, 6058, 6067, 6076, 6085, 6094, 6139, 6148, 6157, 6166, 6175, 6184, 6193, 6229, 6238, 6247, 6256, 6265, 6274, 6283, 6292, 6319, 6328, 6337, 6346, 6355, 6364, 6373, 6382, 6391, 6409, 6418, 6427, 6436, 6445, 6454, 6463, 6472, 6481, 6490, 6508, 6517, 6526, 6535, 6544, 6553, 6562, 6571, 6580, 6607, 6616, 6625, 6634, 6643, 6652, 6661, 6670, 6706, 6715, 6724, 6733, 6742, 6751, 6760, 6805, 6814, 6823, 6832, 6841, 6850, 6904, 6913, 6922, 6931, 6940, 7039, 7048, 7057, 7066, 7075, 7084, 7093, 7129, 7138, 7147, 7156, 7165, 7174, 7183, 7192, 7219, 7228, 7237, 7246, 7255, 7264, 7273, 7282, 7291, 7309, 7318, 7327, 7336, 7345, 7354, 7363, 7372, 7381, 7390, 7408, 7417, 7426, 7435, 7444, 7453, 7462, 7471, 7480, 7507, 7516, 7525, 7534, 7543, 7552, 7561, 7570, 7606, 7615, 7624, 7633, 7642, 7651, 7660, 7705, 7714, 7723, 7732, 7741, 7750, 7804, 7813, 7822, 7831, 7840, 7903, 7912, 7921, 7930, 8029, 8038, 8047, 8056, 8065, 8074, 8083, 8092, 8119, 8128, 8137, 8146, 8155, 8164, 8173, 8182, 8191, 8209, 8218, 8227, 8236, 8245, 8254, 8263, 8272, 8281, 8290, 8308, 8317, 8326, 8335, 8344, 8353, 8362, 8371, 8380, 8407, 8416, 8425, 8434, 8443, 8452, 8461, 8470, 8506, 8515, 8524, 8533, 8542, 8551, 8560, 8605, 8614, 8623, 8632, 8641, 8650, 8704, 8713, 8722, 8731, 8740, 8803, 8812, 8821, 8830, 8902, 8911, 8920, 9019, 9028, 9037, 9046, 9055, 9064, 9073, 9082, 9091, 9109, 9118, 9127, 9136, 9145, 9154, 9163, 9172, 9181, 9190, 9208, 9217, 9226, 9235, 9244, 9253, 9262, 9271, 9280, 9307, 9316, 9325, 9334, 9343, 9352, 9361, 9370, 9406, 9415, 9424, 9433, 9442, 9451, 9460, 9505, 9514, 9523, 9532, 9541, 9550, 9604, 9613, 9622, 9631, 9640, 9703, 9712, 9721, 9730, 9802, 9811, 9820, 9901, 9910]
20: [1199, 1289, 1298, 1379, 1388, 1397, 1469, 1478, 1487, 1496, 1559, 1568, 1577, 1586, 1595, 1649, 1658, 1667, 1676, 1685, 1694, 1739, 1748, 1757, 1766, 1775, 1784, 1793, 1829, 1838, 1847, 1856, 1865, 1874, 1883, 1892, 1919, 1928, 1937, 1946, 1955, 1964, 1973, 1982, 1991, 2099, 2189, 2198, 2279, 2288, 2297, 2369, 2378, 2387, 2396, 2459, 2468, 2477, 2486, 2495, 2549, 2558, 2567, 2576, 2585, 2594, 2639, 2648, 2657, 2666, 2675, 2684, 2693, 2729, 2738, 2747, 2756, 2765, 2774, 2783, 2792, 2819, 2828, 2837, 2846, 2855, 2864, 2873, 2882, 2891, 2909, 2918, 2927, 2936, 2945, 2954, 2963, 2972, 2981, 2990, 3089, 3098, 3179, 3188, 3197, 3269, 3278, 3287, 3296, 3359, 3368, 3377, 3386, 3395, 3449, 3458, 3467, 3476, 3485, 3494, 3539, 3548, 3557, 3566, 3575, 3584, 3593, 3629, 3638, 3647, 3656, 3665, 3674, 3683, 3692, 3719, 3728, 3737, 3746, 3755, 3764, 3773, 3782, 3791, 3809, 3818, 3827, 3836, 3845, 3854, 3863, 3872, 3881, 3890, 3908, 3917, 3926, 3935, 3944, 3953, 3962, 3971, 3980, 4079, 4088, 4097, 4169, 4178, 4187, 4196, 4259, 4268, 4277, 4286, 4295, 4349, 4358, 4367, 4376, 4385, 4394, 4439, 4448, 4457, 4466, 4475, 4484, 4493, 4529, 4538, 4547, 4556, 4565, 4574, 4583, 4592, 4619, 4628, 4637, 4646, 4655, 4664, 4673, 4682, 4691, 4709, 4718, 4727, 4736, 4745, 4754, 4763, 4772, 4781, 4790, 4808, 4817, 4826, 4835, 4844, 4853, 4862, 4871, 4880, 4907, 4916, 4925, 4934, 4943, 4952, 4961, 4970, 5069, 5078, 5087, 5096, 5159, 5168, 5177, 5186, 5195, 5249, 5258, 5267, 5276, 5285, 5294, 5339, 5348, 5357, 5366, 5375, 5384, 5393, 5429, 5438, 5447, 5456, 5465, 5474, 5483, 5492, 5519, 5528, 5537, 5546, 5555, 5564, 5573, 5582, 5591, 5609, 5618, 5627, 5636, 5645, 5654, 5663, 5672, 5681, 5690, 5708, 5717, 5726, 5735, 5744, 5753, 5762, 5771, 5780, 5807, 5816, 5825, 5834, 5843, 5852, 5861, 5870, 5906, 5915, 5924, 5933, 5942, 5951, 5960, 6059, 6068, 6077, 6086, 6095, 6149, 6158, 6167, 6176, 6185, 6194, 6239, 6248, 6257, 6266, 6275, 6284, 6293, 6329, 6338, 6347, 6356, 6365, 6374, 6383, 6392, 6419, 6428, 6437, 6446, 6455, 6464, 6473, 6482, 6491, 6509, 6518, 6527, 6536, 6545, 6554, 6563, 6572, 6581, 6590, 6608, 6617, 6626, 6635, 6644, 6653, 6662, 6671, 6680, 6707, 6716, 6725, 6734, 6743, 6752, 6761, 6770, 6806, 6815, 6824, 6833, 6842, 6851, 6860, 6905, 6914, 6923, 6932, 6941, 6950, 7049, 7058, 7067, 7076, 7085, 7094, 7139, 7148, 7157, 7166, 7175, 7184, 7193, 7229, 7238, 7247, 7256, 7265, 7274, 7283, 7292, 7319, 7328, 7337, 7346, 7355, 7364, 7373, 7382, 7391, 7409, 7418, 7427, 7436, 7445, 7454, 7463, 7472, 7481, 7490, 7508, 7517, 7526, 7535, 7544, 7553, 7562, 7571, 7580, 7607, 7616, 7625, 7634, 7643, 7652, 7661, 7670, 7706, 7715, 7724, 7733, 7742, 7751, 7760, 7805, 7814, 7823, 7832, 7841, 7850, 7904, 7913, 7922, 7931, 7940, 8039, 8048, 8057, 8066, 8075, 8084, 8093, 8129, 8138, 8147, 8156, 8165, 8174, 8183, 8192, 8219, 8228, 8237, 8246, 8255, 8264, 8273, 8282, 8291, 8309, 8318, 8327, 8336, 8345, 8354, 8363, 8372, 8381, 8390, 8408, 8417, 8426, 8435, 8444, 8453, 8462, 8471, 8480, 8507, 8516, 8525, 8534, 8543, 8552, 8561, 8570, 8606, 8615, 8624, 8633, 8642, 8651, 8660, 8705, 8714, 8723, 8732, 8741, 8750, 8804, 8813, 8822, 8831, 8840, 8903, 8912, 8921, 8930, 9029, 9038, 9047, 9056, 9065, 9074, 9083, 9092, 9119, 9128, 9137, 9146, 9155, 9164, 9173, 9182, 9191, 9209, 9218, 9227, 9236, 9245, 9254, 9263, 9272, 9281, 9290, 9308, 9317, 9326, 9335, 9344, 9353, 9362, 9371, 9380, 9407, 9416, 9425, 9434, 9443, 9452, 9461, 9470, 9506, 9515, 9524, 9533, 9542, 9551, 9560, 9605, 9614, 9623, 9632, 9641, 9650, 9704, 9713, 9722, 9731, 9740, 9803, 9812, 9821, 9830, 9902, 9911, 9920]
21: [1299, 1389, 1398, 1479, 1488, 1497, 1569, 1578, 1587, 1596, 1659, 1668, 1677, 1686, 1695, 1749, 1758, 1767, 1776, 1785, 1794, 1839, 1848, 1857, 1866, 1875, 1884, 1893, 1929, 1938, 1947, 1956, 1965, 1974, 1983, 1992, 2199, 2289, 2298, 2379, 2388, 2397, 2469, 2478, 2487, 2496, 2559, 2568, 2577, 2586, 2595, 2649, 2658, 2667, 2676, 2685, 2694, 2739, 2748, 2757, 2766, 2775, 2784, 2793, 2829, 2838, 2847, 2856, 2865, 2874, 2883, 2892, 2919, 2928, 2937, 2946, 2955, 2964, 2973, 2982, 2991, 3099, 3189, 3198, 3279, 3288, 3297, 3369, 3378, 3387, 3396, 3459, 3468, 3477, 3486, 3495, 3549, 3558, 3567, 3576, 3585, 3594, 3639, 3648, 3657, 3666, 3675, 3684, 3693, 3729, 3738, 3747, 3756, 3765, 3774, 3783, 3792, 3819, 3828, 3837, 3846, 3855, 3864, 3873, 3882, 3891, 3909, 3918, 3927, 3936, 3945, 3954, 3963, 3972, 3981, 3990, 4089, 4098, 4179, 4188, 4197, 4269, 4278, 4287, 4296, 4359, 4368, 4377, 4386, 4395, 4449, 4458, 4467, 4476, 4485, 4494, 4539, 4548, 4557, 4566, 4575, 4584, 4593, 4629, 4638, 4647, 4656, 4665, 4674, 4683, 4692, 4719, 4728, 4737, 4746, 4755, 4764, 4773, 4782, 4791, 4809, 4818, 4827, 4836, 4845, 4854, 4863, 4872, 4881, 4890, 4908, 4917, 4926, 4935, 4944, 4953, 4962, 4971, 4980, 5079, 5088, 5097, 5169, 5178, 5187, 5196, 5259, 5268, 5277, 5286, 5295, 5349, 5358, 5367, 5376, 5385, 5394, 5439, 5448, 5457, 5466, 5475, 5484, 5493, 5529, 5538, 5547, 5556, 5565, 5574, 5583, 5592, 5619, 5628, 5637, 5646, 5655, 5664, 5673, 5682, 5691, 5709, 5718, 5727, 5736, 5745, 5754, 5763, 5772, 5781, 5790, 5808, 5817, 5826, 5835, 5844, 5853, 5862, 5871, 5880, 5907, 5916, 5925, 5934, 5943, 5952, 5961, 5970, 6069, 6078, 6087, 6096, 6159, 6168, 6177, 6186, 6195, 6249, 6258, 6267, 6276, 6285, 6294, 6339, 6348, 6357, 6366, 6375, 6384, 6393, 6429, 6438, 6447, 6456, 6465, 6474, 6483, 6492, 6519, 6528, 6537, 6546, 6555, 6564, 6573, 6582, 6591, 6609, 6618, 6627, 6636, 6645, 6654, 6663, 6672, 6681, 6690, 6708, 6717, 6726, 6735, 6744, 6753, 6762, 6771, 6780, 6807, 6816, 6825, 6834, 6843, 6852, 6861, 6870, 6906, 6915, 6924, 6933, 6942, 6951, 6960, 7059, 7068, 7077, 7086, 7095, 7149, 7158, 7167, 7176, 7185, 7194, 7239, 7248, 7257, 7266, 7275, 7284, 7293, 7329, 7338, 7347, 7356, 7365, 7374, 7383, 7392, 7419, 7428, 7437, 7446, 7455, 7464, 7473, 7482, 7491, 7509, 7518, 7527, 7536, 7545, 7554, 7563, 7572, 7581, 7590, 7608, 7617, 7626, 7635, 7644, 7653, 7662, 7671, 7680, 7707, 7716, 7725, 7734, 7743, 7752, 7761, 7770, 7806, 7815, 7824, 7833, 7842, 7851, 7860, 7905, 7914, 7923, 7932, 7941, 7950, 8049, 8058, 8067, 8076, 8085, 8094, 8139, 8148, 8157, 8166, 8175, 8184, 8193, 8229, 8238, 8247, 8256, 8265, 8274, 8283, 8292, 8319, 8328, 8337, 8346, 8355, 8364, 8373, 8382, 8391, 8409, 8418, 8427, 8436, 8445, 8454, 8463, 8472, 8481, 8490, 8508, 8517, 8526, 8535, 8544, 8553, 8562, 8571, 8580, 8607, 8616, 8625, 8634, 8643, 8652, 8661, 8670, 8706, 8715, 8724, 8733, 8742, 8751, 8760, 8805, 8814, 8823, 8832, 8841, 8850, 8904, 8913, 8922, 8931, 8940, 9039, 9048, 9057, 9066, 9075, 9084, 9093, 9129, 9138, 9147, 9156, 9165, 9174, 9183, 9192, 9219, 9228, 9237, 9246, 9255, 9264, 9273, 9282, 9291, 9309, 9318, 9327, 9336, 9345, 9354, 9363, 9372, 9381, 9390, 9408, 9417, 9426, 9435, 9444, 9453, 9462, 9471, 9480, 9507, 9516, 9525, 9534, 9543, 9552, 9561, 9570, 9606, 9615, 9624, 9633, 9642, 9651, 9660, 9705, 9714, 9723, 9732, 9741, 9750, 9804, 9813, 9822, 9831, 9840, 9903, 9912, 9921, 9930]
22: [1399, 1489, 1498, 1579, 1588, 1597, 1669, 1678, 1687, 1696, 1759, 1768, 1777, 1786, 1795, 1849, 1858, 1867, 1876, 1885, 1894, 1939, 1948, 1957, 1966, 1975, 1984, 1993, 2299, 2389, 2398, 2479, 2488, 2497, 2569, 2578, 2587, 2596, 2659, 2668, 2677, 2686, 2695, 2749, 2758, 2767, 2776, 2785, 2794, 2839, 2848, 2857, 2866, 2875, 2884, 2893, 2929, 2938, 2947, 2956, 2965, 2974, 2983, 2992, 3199, 3289, 3298, 3379, 3388, 3397, 3469, 3478, 3487, 3496, 3559, 3568, 3577, 3586, 3595, 3649, 3658, 3667, 3676, 3685, 3694, 3739, 3748, 3757, 3766, 3775, 3784, 3793, 3829, 3838, 3847, 3856, 3865, 3874, 3883, 3892, 3919, 3928, 3937, 3946, 3955, 3964, 3973, 3982, 3991, 4099, 4189, 4198, 4279, 4288, 4297, 4369, 4378, 4387, 4396, 4459, 4468, 4477, 4486, 4495, 4549, 4558, 4567, 4576, 4585, 4594, 4639, 4648, 4657, 4666, 4675, 4684, 4693, 4729, 4738, 4747, 4756, 4765, 4774, 4783, 4792, 4819, 4828, 4837, 4846, 4855, 4864, 4873, 4882, 4891, 4909, 4918, 4927, 4936, 4945, 4954, 4963, 4972, 4981, 4990, 5089, 5098, 5179, 5188, 5197, 5269, 5278, 5287, 5296, 5359, 5368, 5377, 5386, 5395, 5449, 5458, 5467, 5476, 5485, 5494, 5539, 5548, 5557, 5566, 5575, 5584, 5593, 5629, 5638, 5647, 5656, 5665, 5674, 5683, 5692, 5719, 5728, 5737, 5746, 5755, 5764, 5773, 5782, 5791, 5809, 5818, 5827, 5836, 5845, 5854, 5863, 5872, 5881, 5890, 5908, 5917, 5926, 5935, 5944, 5953, 5962, 5971, 5980, 6079, 6088, 6097, 6169, 6178, 6187, 6196, 6259, 6268, 6277, 6286, 6295, 6349, 6358, 6367, 6376, 6385, 6394, 6439, 6448, 6457, 6466, 6475, 6484, 6493, 6529, 6538, 6547, 6556, 6565, 6574, 6583, 6592, 6619, 6628, 6637, 6646, 6655, 6664, 6673, 6682, 6691, 6709, 6718, 6727, 6736, 6745, 6754, 6763, 6772, 6781, 6790, 6808, 6817, 6826, 6835, 6844, 6853, 6862, 6871, 6880, 6907, 6916, 6925, 6934, 6943, 6952, 6961, 6970, 7069, 7078, 7087, 7096, 7159, 7168, 7177, 7186, 7195, 7249, 7258, 7267, 7276, 7285, 7294, 7339, 7348, 7357, 7366, 7375, 7384, 7393, 7429, 7438, 7447, 7456, 7465, 7474, 7483, 7492, 7519, 7528, 7537, 7546, 7555, 7564, 7573, 7582, 7591, 7609, 7618, 7627, 7636, 7645, 7654, 7663, 7672, 7681, 7690, 7708, 7717, 7726, 7735, 7744, 7753, 7762, 7771, 7780, 7807, 7816, 7825, 7834, 7843, 7852, 7861, 7870, 7906, 7915, 7924, 7933, 7942, 7951, 7960, 8059, 8068, 8077, 8086, 8095, 8149, 8158, 8167, 8176, 8185, 8194, 8239, 8248, 8257, 8266, 8275, 8284, 8293, 8329, 8338, 8347, 8356, 8365, 8374, 8383, 8392, 8419, 8428, 8437, 8446, 8455, 8464, 8473, 8482, 8491, 8509, 8518, 8527, 8536, 8545, 8554, 8563, 8572, 8581, 8590, 8608, 8617, 8626, 8635, 8644, 8653, 8662, 8671, 8680, 8707, 8716, 8725, 8734, 8743, 8752, 8761, 8770, 8806, 8815, 8824, 8833, 8842, 8851, 8860, 8905, 8914, 8923, 8932, 8941, 8950, 9049, 9058, 9067, 9076, 9085, 9094, 9139, 9148, 9157, 9166, 9175, 9184, 9193, 9229, 9238, 9247, 9256, 9265, 9274, 9283, 9292, 9319, 9328, 9337, 9346, 9355, 9364, 9373, 9382, 9391, 9409, 9418, 9427, 9436, 9445, 9454, 9463, 9472, 9481, 9490, 9508, 9517, 9526, 9535, 9544, 9553, 9562, 9571, 9580, 9607, 9616, 9625, 9634, 9643, 9652, 9661, 9670, 9706, 9715, 9724, 9733, 9742, 9751, 9760, 9805, 9814, 9823, 9832, 9841, 9850, 9904, 9913, 9922, 9931, 9940]
23: [1499, 1589, 1598, 1679, 1688, 1697, 1769, 1778, 1787, 1796, 1859, 1868, 1877, 1886, 1895, 1949, 1958, 1967, 1976, 1985, 1994, 2399, 2489, 2498, 2579, 2588, 2597, 2669, 2678, 2687, 2696, 2759, 2768, 2777, 2786, 2795, 2849, 2858, 2867, 2876, 2885, 2894, 2939, 2948, 2957, 2966, 2975, 2984, 2993, 3299, 3389, 3398, 3479, 3488, 3497, 3569, 3578, 3587, 3596, 3659, 3668, 3677, 3686, 3695, 3749, 3758, 3767, 3776, 3785, 3794, 3839, 3848, 3857, 3866, 3875, 3884, 3893, 3929, 3938, 3947, 3956, 3965, 3974, 3983, 3992, 4199, 4289, 4298, 4379, 4388, 4397, 4469, 4478, 4487, 4496, 4559, 4568, 4577, 4586, 4595, 4649, 4658, 4667, 4676, 4685, 4694, 4739, 4748, 4757, 4766, 4775, 4784, 4793, 4829, 4838, 4847, 4856, 4865, 4874, 4883, 4892, 4919, 4928, 4937, 4946, 4955, 4964, 4973, 4982, 4991, 5099, 5189, 5198, 5279, 5288, 5297, 5369, 5378, 5387, 5396, 5459, 5468, 5477, 5486, 5495, 5549, 5558, 5567, 5576, 5585, 5594, 5639, 5648, 5657, 5666, 5675, 5684, 5693, 5729, 5738, 5747, 5756, 5765, 5774, 5783, 5792, 5819, 5828, 5837, 5846, 5855, 5864, 5873, 5882, 5891, 5909, 5918, 5927, 5936, 5945, 5954, 5963, 5972, 5981, 5990, 6089, 6098, 6179, 6188, 6197, 6269, 6278, 6287, 6296, 6359, 6368, 6377, 6386, 6395, 6449, 6458, 6467, 6476, 6485, 6494, 6539, 6548, 6557, 6566, 6575, 6584, 6593, 6629, 6638, 6647, 6656, 6665, 6674, 6683, 6692, 6719, 6728, 6737, 6746, 6755, 6764, 6773, 6782, 6791, 6809, 6818, 6827, 6836, 6845, 6854, 6863, 6872, 6881, 6890, 6908, 6917, 6926, 6935, 6944, 6953, 6962, 6971, 6980, 7079, 7088, 7097, 7169, 7178, 7187, 7196, 7259, 7268, 7277, 7286, 7295, 7349, 7358, 7367, 7376, 7385, 7394, 7439, 7448, 7457, 7466, 7475, 7484, 7493, 7529, 7538, 7547, 7556, 7565, 7574, 7583, 7592, 7619, 7628, 7637, 7646, 7655, 7664, 7673, 7682, 7691, 7709, 7718, 7727, 7736, 7745, 7754, 7763, 7772, 7781, 7790, 7808, 7817, 7826, 7835, 7844, 7853, 7862, 7871, 7880, 7907, 7916, 7925, 7934, 7943, 7952, 7961, 7970, 8069, 8078, 8087, 8096, 8159, 8168, 8177, 8186, 8195, 8249, 8258, 8267, 8276, 8285, 8294, 8339, 8348, 8357, 8366, 8375, 8384, 8393, 8429, 8438, 8447, 8456, 8465, 8474, 8483, 8492, 8519, 8528, 8537, 8546, 8555, 8564, 8573, 8582, 8591, 8609, 8618, 8627, 8636, 8645, 8654, 8663, 8672, 8681, 8690, 8708, 8717, 8726, 8735, 8744, 8753, 8762, 8771, 8780, 8807, 8816, 8825, 8834, 8843, 8852, 8861, 8870, 8906, 8915, 8924, 8933, 8942, 8951, 8960, 9059, 9068, 9077, 9086, 9095, 9149, 9158, 9167, 9176, 9185, 9194, 9239, 9248, 9257, 9266, 9275, 9284, 9293, 9329, 9338, 9347, 9356, 9365, 9374, 9383, 9392, 9419, 9428, 9437, 9446, 9455, 9464, 9473, 9482, 9491, 9509, 9518, 9527, 9536, 9545, 9554, 9563, 9572, 9581, 9590, 9608, 9617, 9626, 9635, 9644, 9653, 9662, 9671, 9680, 9707, 9716, 9725, 9734, 9743, 9752, 9761, 9770, 9806, 9815, 9824, 9833, 9842, 9851, 9860, 9905, 9914, 9923, 9932, 9941, 9950]
24: [1599, 1689, 1698, 1779, 1788, 1797, 1869, 1878, 1887, 1896, 1959, 1968, 1977, 1986, 1995, 2499, 2589, 2598, 2679, 2688, 2697, 2769, 2778, 2787, 2796, 2859, 2868, 2877, 2886, 2895, 2949, 2958, 2967, 2976, 2985, 2994, 3399, 3489, 3498, 3579, 3588, 3597, 3669, 3678, 3687, 3696, 3759, 3768, 3777, 3786, 3795, 3849, 3858, 3867, 3876, 3885, 3894, 3939, 3948, 3957, 3966, 3975, 3984, 3993, 4299, 4389, 4398, 4479, 4488, 4497, 4569, 4578, 4587, 4596, 4659, 4668, 4677, 4686, 4695, 4749, 4758, 4767, 4776, 4785, 4794, 4839, 4848, 4857, 4866, 4875, 4884, 4893, 4929, 4938, 4947, 4956, 4965, 4974, 4983, 4992, 5199, 5289, 5298, 5379, 5388, 5397, 5469, 5478, 5487, 5496, 5559, 5568, 5577, 5586, 5595, 5649, 5658, 5667, 5676, 5685, 5694, 5739, 5748, 5757, 5766, 5775, 5784, 5793, 5829, 5838, 5847, 5856, 5865, 5874, 5883, 5892, 5919, 5928, 5937, 5946, 5955, 5964, 5973, 5982, 5991, 6099, 6189, 6198, 6279, 6288, 6297, 6369, 6378, 6387, 6396, 6459, 6468, 6477, 6486, 6495, 6549, 6558, 6567, 6576, 6585, 6594, 6639, 6648, 6657, 6666, 6675, 6684, 6693, 6729, 6738, 6747, 6756, 6765, 6774, 6783, 6792, 6819, 6828, 6837, 6846, 6855, 6864, 6873, 6882, 6891, 6909, 6918, 6927, 6936, 6945, 6954, 6963, 6972, 6981, 6990, 7089, 7098, 7179, 7188, 7197, 7269, 7278, 7287, 7296, 7359, 7368, 7377, 7386, 7395, 7449, 7458, 7467, 7476, 7485, 7494, 7539, 7548, 7557, 7566, 7575, 7584, 7593, 7629, 7638, 7647, 7656, 7665, 7674, 7683, 7692, 7719, 7728, 7737, 7746, 7755, 7764, 7773, 7782, 7791, 7809, 7818, 7827, 7836, 7845, 7854, 7863, 7872, 7881, 7890, 7908, 7917, 7926, 7935, 7944, 7953, 7962, 7971, 7980, 8079, 8088, 8097, 8169, 8178, 8187, 8196, 8259, 8268, 8277, 8286, 8295, 8349, 8358, 8367, 8376, 8385, 8394, 8439, 8448, 8457, 8466, 8475, 8484, 8493, 8529, 8538, 8547, 8556, 8565, 8574, 8583, 8592, 8619, 8628, 8637, 8646, 8655, 8664, 8673, 8682, 8691, 8709, 8718, 8727, 8736, 8745, 8754, 8763, 8772, 8781, 8790, 8808, 8817, 8826, 8835, 8844, 8853, 8862, 8871, 8880, 8907, 8916, 8925, 8934, 8943, 8952, 8961, 8970, 9069, 9078, 9087, 9096, 9159, 9168, 9177, 9186, 9195, 9249, 9258, 9267, 9276, 9285, 9294, 9339, 9348, 9357, 9366, 9375, 9384, 9393, 9429, 9438, 9447, 9456, 9465, 9474, 9483, 9492, 9519, 9528, 9537, 9546, 9555, 9564, 9573, 9582, 9591, 9609, 9618, 9627, 9636, 9645, 9654, 9663, 9672, 9681, 9690, 9708, 9717, 9726, 9735, 9744, 9753, 9762, 9771, 9780, 9807, 9816, 9825, 9834, 9843, 9852, 9861, 9870, 9906, 9915, 9924, 9933, 9942, 9951, 9960]
25: [1699, 1789, 1798, 1879, 1888, 1897, 1969, 1978, 1987, 1996, 2599, 2689, 2698, 2779, 2788, 2797, 2869, 2878, 2887, 2896, 2959, 2968, 2977, 2986, 2995, 3499, 3589, 3598, 3679, 3688, 3697, 3769, 3778, 3787, 3796, 3859, 3868, 3877, 3886, 3895, 3949, 3958, 3967, 3976, 3985, 3994, 4399, 4489, 4498, 4579, 4588, 4597, 4669, 4678, 4687, 4696, 4759, 4768, 4777, 4786, 4795, 4849, 4858, 4867, 4876, 4885, 4894, 4939, 4948, 4957, 4966, 4975, 4984, 4993, 5299, 5389, 5398, 5479, 5488, 5497, 5569, 5578, 5587, 5596, 5659, 5668, 5677, 5686, 5695, 5749, 5758, 5767, 5776, 5785, 5794, 5839, 5848, 5857, 5866, 5875, 5884, 5893, 5929, 5938, 5947, 5956, 5965, 5974, 5983, 5992, 6199, 6289, 6298, 6379, 6388, 6397, 6469, 6478, 6487, 6496, 6559, 6568, 6577, 6586, 6595, 6649, 6658, 6667, 6676, 6685, 6694, 6739, 6748, 6757, 6766, 6775, 6784, 6793, 6829, 6838, 6847, 6856, 6865, 6874, 6883, 6892, 6919, 6928, 6937, 6946, 6955, 6964, 6973, 6982, 6991, 7099, 7189, 7198, 7279, 7288, 7297, 7369, 7378, 7387, 7396, 7459, 7468, 7477, 7486, 7495, 7549, 7558, 7567, 7576, 7585, 7594, 7639, 7648, 7657, 7666, 7675, 7684, 7693, 7729, 7738, 7747, 7756, 7765, 7774, 7783, 7792, 7819, 7828, 7837, 7846, 7855, 7864, 7873, 7882, 7891, 7909, 7918, 7927, 7936, 7945, 7954, 7963, 7972, 7981, 7990, 8089, 8098, 8179, 8188, 8197, 8269, 8278, 8287, 8296, 8359, 8368, 8377, 8386, 8395, 8449, 8458, 8467, 8476, 8485, 8494, 8539, 8548, 8557, 8566, 8575, 8584, 8593, 8629, 8638, 8647, 8656, 8665, 8674, 8683, 8692, 8719, 8728, 8737, 8746, 8755, 8764, 8773, 8782, 8791, 8809, 8818, 8827, 8836, 8845, 8854, 8863, 8872, 8881, 8890, 8908, 8917, 8926, 8935, 8944, 8953, 8962, 8971, 8980, 9079, 9088, 9097, 9169, 9178, 9187, 9196, 9259, 9268, 9277, 9286, 9295, 9349, 9358, 9367, 9376, 9385, 9394, 9439, 9448, 9457, 9466, 9475, 9484, 9493, 9529, 9538, 9547, 9556, 9565, 9574, 9583, 9592, 9619, 9628, 9637, 9646, 9655, 9664, 9673, 9682, 9691, 9709, 9718, 9727, 9736, 9745, 9754, 9763, 9772, 9781, 9790, 9808, 9817, 9826, 9835, 9844, 9853, 9862, 9871, 9880, 9907, 9916, 9925, 9934, 9943, 9952, 9961, 9970]
26: [1799, 1889, 1898, 1979, 1988, 1997, 2699, 2789, 2798, 2879, 2888, 2897, 2969, 2978, 2987, 2996, 3599, 3689, 3698, 3779, 3788, 3797, 3869, 3878, 3887, 3896, 3959, 3968, 3977, 3986, 3995, 4499, 4589, 4598, 4679, 4688, 4697, 4769, 4778, 4787, 4796, 4859, 4868, 4877, 4886, 4895, 4949, 4958, 4967, 4976, 4985, 4994, 5399, 5489, 5498, 5579, 5588, 5597, 5669, 5678, 5687, 5696, 5759, 5768, 5777, 5786, 5795, 5849, 5858, 5867, 5876, 5885, 5894, 5939, 5948, 5957, 5966, 5975, 5984, 5993, 6299, 6389, 6398, 6479, 6488, 6497, 6569, 6578, 6587, 6596, 6659, 6668, 6677, 6686, 6695, 6749, 6758, 6767, 6776, 6785, 6794, 6839, 6848, 6857, 6866, 6875, 6884, 6893, 6929, 6938, 6947, 6956, 6965, 6974, 6983, 6992, 7199, 7289, 7298, 7379, 7388, 7397, 7469, 7478, 7487, 7496, 7559, 7568, 7577, 7586, 7595, 7649, 7658, 7667, 7676, 7685, 7694, 7739, 7748, 7757, 7766, 7775, 7784, 7793, 7829, 7838, 7847, 7856, 7865, 7874, 7883, 7892, 7919, 7928, 7937, 7946, 7955, 7964, 7973, 7982, 7991, 8099, 8189, 8198, 8279, 8288, 8297, 8369, 8378, 8387, 8396, 8459, 8468, 8477, 8486, 8495, 8549, 8558, 8567, 8576, 8585, 8594, 8639, 8648, 8657, 8666, 8675, 8684, 8693, 8729, 8738, 8747, 8756, 8765, 8774, 8783, 8792, 8819, 8828, 8837, 8846, 8855, 8864, 8873, 8882, 8891, 8909, 8918, 8927, 8936, 8945, 8954, 8963, 8972, 8981, 8990, 9089, 9098, 9179, 9188, 9197, 9269, 9278, 9287, 9296, 9359, 9368, 9377, 9386, 9395, 9449, 9458, 9467, 9476, 9485, 9494, 9539, 9548, 9557, 9566, 9575, 9584, 9593, 9629, 9638, 9647, 9656, 9665, 9674, 9683, 9692, 9719, 9728, 9737, 9746, 9755, 9764, 9773, 9782, 9791, 9809, 9818, 9827, 9836, 9845, 9854, 9863, 9872, 9881, 9890, 9908, 9917, 9926, 9935, 9944, 9953, 9962, 9971, 9980]
27: [1899, 1989, 1998, 2799, 2889, 2898, 2979, 2988, 2997, 3699, 3789, 3798, 3879, 3888, 3897, 3969, 3978, 3987, 3996, 4599, 4689, 4698, 4779, 4788, 4797, 4869, 4878, 4887, 4896, 4959, 4968, 4977, 4986, 4995, 5499, 5589, 5598, 5679, 5688, 5697, 5769, 5778, 5787, 5796, 5859, 5868, 5877, 5886, 5895, 5949, 5958, 5967, 5976, 5985, 5994, 6399, 6489, 6498, 6579, 6588, 6597, 6669, 6678, 6687, 6696, 6759, 6768, 6777, 6786, 6795, 6849, 6858, 6867, 6876, 6885, 6894, 6939, 6948, 6957, 6966, 6975, 6984, 6993, 7299, 7389, 7398, 7479, 7488, 7497, 7569, 7578, 7587, 7596, 7659, 7668, 7677, 7686, 7695, 7749, 7758, 7767, 7776, 7785, 7794, 7839, 7848, 7857, 7866, 7875, 7884, 7893, 7929, 7938, 7947, 7956, 7965, 7974, 7983, 7992, 8199, 8289, 8298, 8379, 8388, 8397, 8469, 8478, 8487, 8496, 8559, 8568, 8577, 8586, 8595, 8649, 8658, 8667, 8676, 8685, 8694, 8739, 8748, 8757, 8766, 8775, 8784, 8793, 8829, 8838, 8847, 8856, 8865, 8874, 8883, 8892, 8919, 8928, 8937, 8946, 8955, 8964, 8973, 8982, 8991, 9099, 9189, 9198, 9279, 9288, 9297, 9369, 9378, 9387, 9396, 9459, 9468, 9477, 9486, 9495, 9549, 9558, 9567, 9576, 9585, 9594, 9639, 9648, 9657, 9666, 9675, 9684, 9693, 9729, 9738, 9747, 9756, 9765, 9774, 9783, 9792, 9819, 9828, 9837, 9846, 9855, 9864, 9873, 9882, 9891, 9909, 9918, 9927, 9936, 9945, 9954, 9963, 9972, 9981, 9990]
28: [1999, 2899, 2989, 2998, 3799, 3889, 3898, 3979, 3988, 3997, 4699, 4789, 4798, 4879, 4888, 4897, 4969, 4978, 4987, 4996, 5599, 5689, 5698, 5779, 5788, 5797, 5869, 5878, 5887, 5896, 5959, 5968, 5977, 5986, 5995, 6499, 6589, 6598, 6679, 6688, 6697, 6769, 6778, 6787, 6796, 6859, 6868, 6877, 6886, 6895, 6949, 6958, 6967, 6976, 6985, 6994, 7399, 7489, 7498, 7579, 7588, 7597, 7669, 7678, 7687, 7696, 7759, 7768, 7777, 7786, 7795, 7849, 7858, 7867, 7876, 7885, 7894, 7939, 7948, 7957, 7966, 7975, 7984, 7993, 8299, 8389, 8398, 8479, 8488, 8497, 8569, 8578, 8587, 8596, 8659, 8668, 8677, 8686, 8695, 8749, 8758, 8767, 8776, 8785, 8794, 8839, 8848, 8857, 8866, 8875, 8884, 8893, 8929, 8938, 8947, 8956, 8965, 8974, 8983, 8992, 9199, 9289, 9298, 9379, 9388, 9397, 9469, 9478, 9487, 9496, 9559, 9568, 9577, 9586, 9595, 9649, 9658, 9667, 9676, 9685, 9694, 9739, 9748, 9757, 9766, 9775, 9784, 9793, 9829, 9838, 9847, 9856, 9865, 9874, 9883, 9892, 9919, 9928, 9937, 9946, 9955, 9964, 9973, 9982, 9991]
29: [2999, 3899, 3989, 3998, 4799, 4889, 4898, 4979, 4988, 4997, 5699, 5789, 5798, 5879, 5888, 5897, 5969, 5978, 5987, 5996, 6599, 6689, 6698, 6779, 6788, 6797, 6869, 6878, 6887, 6896, 6959, 6968, 6977, 6986, 6995, 7499, 7589, 7598, 7679, 7688, 7697, 7769, 7778, 7787, 7796, 7859, 7868, 7877, 7886, 7895, 7949, 7958, 7967, 7976, 7985, 7994, 8399, 8489, 8498, 8579, 8588, 8597, 8669, 8678, 8687, 8696, 8759, 8768, 8777, 8786, 8795, 8849, 8858, 8867, 8876, 8885, 8894, 8939, 8948, 8957, 8966, 8975, 8984, 8993, 9299, 9389, 9398, 9479, 9488, 9497, 9569, 9578, 9587, 9596, 9659, 9668, 9677, 9686, 9695, 9749, 9758, 9767, 9776, 9785, 9794, 9839, 9848, 9857, 9866, 9875, 9884, 9893, 9929, 9938, 9947, 9956, 9965, 9974, 9983, 9992]
30: [3999, 4899, 4989, 4998, 5799, 5889, 5898, 5979, 5988, 5997, 6699, 6789, 6798, 6879, 6888, 6897, 6969, 6978, 6987, 6996, 7599, 7689, 7698, 7779, 7788, 7797, 7869, 7878, 7887, 7896, 7959, 7968, 7977, 7986, 7995, 8499, 8589, 8598, 8679, 8688, 8697, 8769, 8778, 8787, 8796, 8859, 8868, 8877, 8886, 8895, 8949, 8958, 8967, 8976, 8985, 8994, 9399, 9489, 9498, 9579, 9588, 9597, 9669, 9678, 9687, 9696, 9759, 9768, 9777, 9786, 9795, 9849, 9858, 9867, 9876, 9885, 9894, 9939, 9948, 9957, 9966, 9975, 9984, 9993]
31: [4999, 5899, 5989, 5998, 6799, 6889, 6898, 6979, 6988, 6997, 7699, 7789, 7798, 7879, 7888, 7897, 7969, 7978, 7987, 7996, 8599, 8689, 8698, 8779, 8788, 8797, 8869, 8878, 8887, 8896, 8959, 8968, 8977, 8986, 8995, 9499, 9589, 9598, 9679, 9688, 9697, 9769, 9778, 9787, 9796, 9859, 9868, 9877, 9886, 9895, 9949, 9958, 9967, 9976, 9985, 9994]
32: [5999, 6899, 6989, 6998, 7799, 7889, 7898, 7979, 7988, 7997, 8699, 8789, 8798, 8879, 8888, 8897, 8969, 8978, 8987, 8996, 9599, 9689, 9698, 9779, 9788, 9797, 9869, 9878, 9887, 9896, 9959, 9968, 9977, 9986, 9995]
33: [6999, 7899, 7989, 7998, 8799, 8889, 8898, 8979, 8988, 8997, 9699, 9789, 9798, 9879, 9888, 9897, 9969, 9978, 9987, 9996]
34: [7999, 8899, 8989, 8998, 9799, 9889, 9898, 9979, 9988, 9997]
35: [8999, 9899, 9989, 9998]
36: [9999]


Sum of digits: Minimum number with that sum

01: 1000
02: 1001
03: 1002
04: 1003
05: 1004
06: 1005
07: 1006
08: 1007
09: 1008
10: 1009
11: 1019
12: 1029
13: 1039
14: 1049
15: 1059
16: 1069
17: 1079
18: 1089
19: 1099
20: 1199
21: 1299
22: 1399
23: 1499
24: 1599
25: 1699
26: 1799
27: 1899
28: 1999
29: 2999
30: 3999
31: 4999
32: 5999
33: 6999
34: 7999
35: 8999
36: 9999


Sum of digits: Maximum number with that sum

01: 1000
02: 2000
03: 3000
04: 4000
05: 5000
06: 6000
07: 7000
08: 8000
09: 9000
10: 9100
11: 9200
12: 9300
13: 9400
14: 9500
15: 9600
16: 9700
17: 9800
18: 9900
19: 9910
20: 9920
21: 9930
22: 9940
23: 9950
24: 9960
25: 9970
26: 9980
27: 9990
28: 9991
29: 9992
30: 9993
31: 9994
32: 9995
33: 9996
34: 9997
35: 9998
36: 9999